Given Input

Sudoku 01
003020600
900305001
001806400
008102900
700000008
006708200
002609500
800203009
005010300


Hard

Sudoku 02
410006000
802000790
007004000
095100002
000090000
200007980
000500800
084000105
000200036


Evil

Sudoku 03
000070040
700800900
001052000
209000005
307000106
800000204
000210600
004003002
090080000


Sudoku 04
000170450
000008173
000000800
340000500
000609000
009000036
005000000
874900000
013027000

Sudoku 05
008640500
000000000
052000000
040906010
020804060
080307020
000000370
000000000
001082400


